a:0.07636
b:0.00901
c:0.03260
d:0.03669
e:0.14715
f:0.01066
g:0.00866
h:0.00737
i:0.07529
j:0.00613
k:0.00074
l:0.05456
m:0.02968
n:0.07095
o:0.05796
p:0.02521
q:0.01362
r:0.06693
s:0.07948
t:0.07244
u:0.06311
v:0.01838
w:0.00049
x:0.00427
y:0.00128
z:0.00326
