a:0.06516
b:0.01886
c:0.02732
d:0.05076
e:0.16396
f:0.01656
g:0.03009
h:0.04577
i:0.06550
j:0.00268
k:0.01417
l:0.03437
m:0.02534
n:0.09776
o:0.02594
p:0.00670
q:0.00018
r:0.07003
s:0.07270
t:0.06154
u:0.04166
v:0.00846
w:0.01921
x:0.00034
y:0.00039
z:0.01134
