a:0.11525
b:0.02215
c:0.04019
d:0.05010
e:0.12181
f:0.00692
g:0.01768
h:0.00703
i:0.06247
j:0.00493
k:0.00011
l:0.04967
m:0.03157
n:0.06712
o:0.08683
p:0.02510
q:0.00877
r:0.06871
s:0.07977
t:0.04632
u:0.07977
v:0.01138
w:0.00017
x:0.00215
y:0.01008
z:0.00467
